{
 "cells": [
  {
   "cell_type": "code",
   "execution_count": 24,
   "metadata": {},
   "outputs": [],
   "source": [
    "# Imports\n",
    "import pandas as pd\n",
    "import seaborn as sns\n",
    "import matplotlib.pyplot as plt\n",
    "from sklearn.model_selection import train_test_split, GridSearchCV\n",
    "from sklearn.ensemble import RandomForestRegressor, GradientBoostingRegressor\n",
    "from sklearn.tree import DecisionTreeRegressor\n",
    "from sklearn.pipeline import Pipeline, make_pipeline\n",
    "from sklearn.compose import ColumnTransformer\n",
    "from sklearn.preprocessing import StandardScaler, OneHotEncoder\n",
    "from sklearn.impute import KNNImputer\n",
    "from sklearn.preprocessing import FunctionTransformer\n",
    "from sklearn.metrics import mean_squared_error#, root_mean_squared_error\n",
    "from sklearn.linear_model import LinearRegression, Ridge\n",
    "from sklearn.preprocessing import PolynomialFeatures\n",
    "\n",
    "# Plotting\n",
    "from plotly.subplots import make_subplots\n",
    "import plotly.graph_objects as go\n",
    "import plotly.express as px\n"
   ]
  },
  {
   "cell_type": "code",
   "execution_count": 25,
   "metadata": {},
   "outputs": [],
   "source": [
    "# Hente inn datasettet\n",
    "combined_df = pd.read_csv('combined.csv')"
   ]
  },
  {
   "cell_type": "code",
   "execution_count": 26,
   "metadata": {},
   "outputs": [
    {
     "data": {
      "text/html": [
       "<div>\n",
       "<style scoped>\n",
       "    .dataframe tbody tr th:only-of-type {\n",
       "        vertical-align: middle;\n",
       "    }\n",
       "\n",
       "    .dataframe tbody tr th {\n",
       "        vertical-align: top;\n",
       "    }\n",
       "\n",
       "    .dataframe thead th {\n",
       "        text-align: right;\n",
       "    }\n",
       "</style>\n",
       "<table border=\"1\" class=\"dataframe\">\n",
       "  <thead>\n",
       "    <tr style=\"text-align: right;\">\n",
       "      <th></th>\n",
       "      <th>pasient_id</th>\n",
       "      <th>alder</th>\n",
       "      <th>kjønn</th>\n",
       "      <th>utdanning</th>\n",
       "      <th>inntekt</th>\n",
       "      <th>etnisitet</th>\n",
       "      <th>sykehusdød</th>\n",
       "      <th>oppholdslengde</th>\n",
       "      <th>blodtrykk</th>\n",
       "      <th>hvite_blodlegemer</th>\n",
       "      <th>...</th>\n",
       "      <th>adl_stedfortreder</th>\n",
       "      <th>fysiologisk_score</th>\n",
       "      <th>apache_fysiologisk_score</th>\n",
       "      <th>overlevelsesestimat_2mnd</th>\n",
       "      <th>overlevelsesestimat_6mnd</th>\n",
       "      <th>diabetes</th>\n",
       "      <th>demens</th>\n",
       "      <th>kreft</th>\n",
       "      <th>lege_overlevelsesestimat_2mnd</th>\n",
       "      <th>lege_overlevelsesestimat_6mnd</th>\n",
       "    </tr>\n",
       "  </thead>\n",
       "  <tbody>\n",
       "    <tr>\n",
       "      <th>0</th>\n",
       "      <td>2</td>\n",
       "      <td>60.33899</td>\n",
       "      <td>female</td>\n",
       "      <td>12.0</td>\n",
       "      <td>$11-$25k</td>\n",
       "      <td>white</td>\n",
       "      <td>1</td>\n",
       "      <td>4.0</td>\n",
       "      <td>43.0</td>\n",
       "      <td>17.097656</td>\n",
       "      <td>...</td>\n",
       "      <td>1.0</td>\n",
       "      <td>52.695312</td>\n",
       "      <td>74.0</td>\n",
       "      <td>0.001000</td>\n",
       "      <td>0.000000</td>\n",
       "      <td>0</td>\n",
       "      <td>0</td>\n",
       "      <td>no</td>\n",
       "      <td>0.00</td>\n",
       "      <td>0.0</td>\n",
       "    </tr>\n",
       "    <tr>\n",
       "      <th>1</th>\n",
       "      <td>3</td>\n",
       "      <td>52.74698</td>\n",
       "      <td>female</td>\n",
       "      <td>12.0</td>\n",
       "      <td>under $11k</td>\n",
       "      <td>white</td>\n",
       "      <td>0</td>\n",
       "      <td>17.0</td>\n",
       "      <td>70.0</td>\n",
       "      <td>8.500000</td>\n",
       "      <td>...</td>\n",
       "      <td>0.0</td>\n",
       "      <td>20.500000</td>\n",
       "      <td>45.0</td>\n",
       "      <td>0.790894</td>\n",
       "      <td>0.664917</td>\n",
       "      <td>0</td>\n",
       "      <td>0</td>\n",
       "      <td>no</td>\n",
       "      <td>0.75</td>\n",
       "      <td>0.5</td>\n",
       "    </tr>\n",
       "    <tr>\n",
       "      <th>2</th>\n",
       "      <td>4</td>\n",
       "      <td>42.38498</td>\n",
       "      <td>female</td>\n",
       "      <td>11.0</td>\n",
       "      <td>under $11k</td>\n",
       "      <td>white</td>\n",
       "      <td>0</td>\n",
       "      <td>3.0</td>\n",
       "      <td>75.0</td>\n",
       "      <td>9.099609</td>\n",
       "      <td>...</td>\n",
       "      <td>0.0</td>\n",
       "      <td>20.097656</td>\n",
       "      <td>19.0</td>\n",
       "      <td>0.698975</td>\n",
       "      <td>0.411987</td>\n",
       "      <td>0</td>\n",
       "      <td>0</td>\n",
       "      <td>metastatic</td>\n",
       "      <td>0.90</td>\n",
       "      <td>0.5</td>\n",
       "    </tr>\n",
       "    <tr>\n",
       "      <th>3</th>\n",
       "      <td>6</td>\n",
       "      <td>93.01599</td>\n",
       "      <td>male</td>\n",
       "      <td>14.0</td>\n",
       "      <td>NaN</td>\n",
       "      <td>white</td>\n",
       "      <td>1</td>\n",
       "      <td>4.0</td>\n",
       "      <td>110.0</td>\n",
       "      <td>10.398438</td>\n",
       "      <td>...</td>\n",
       "      <td>1.0</td>\n",
       "      <td>19.398438</td>\n",
       "      <td>27.0</td>\n",
       "      <td>0.284973</td>\n",
       "      <td>0.214996</td>\n",
       "      <td>0</td>\n",
       "      <td>0</td>\n",
       "      <td>no</td>\n",
       "      <td>0.00</td>\n",
       "      <td>0.0</td>\n",
       "    </tr>\n",
       "    <tr>\n",
       "      <th>4</th>\n",
       "      <td>7</td>\n",
       "      <td>62.37097</td>\n",
       "      <td>male</td>\n",
       "      <td>14.0</td>\n",
       "      <td>$25-$50k</td>\n",
       "      <td>white</td>\n",
       "      <td>0</td>\n",
       "      <td>9.0</td>\n",
       "      <td>78.0</td>\n",
       "      <td>11.699219</td>\n",
       "      <td>...</td>\n",
       "      <td>1.0</td>\n",
       "      <td>17.296875</td>\n",
       "      <td>46.0</td>\n",
       "      <td>0.892944</td>\n",
       "      <td>0.820923</td>\n",
       "      <td>0</td>\n",
       "      <td>0</td>\n",
       "      <td>no</td>\n",
       "      <td>NaN</td>\n",
       "      <td>0.7</td>\n",
       "    </tr>\n",
       "  </tbody>\n",
       "</table>\n",
       "<p>5 rows × 38 columns</p>\n",
       "</div>"
      ],
      "text/plain": [
       "   pasient_id     alder   kjønn  utdanning     inntekt etnisitet  sykehusdød  \\\n",
       "0           2  60.33899  female       12.0    $11-$25k     white           1   \n",
       "1           3  52.74698  female       12.0  under $11k     white           0   \n",
       "2           4  42.38498  female       11.0  under $11k     white           0   \n",
       "3           6  93.01599    male       14.0         NaN     white           1   \n",
       "4           7  62.37097    male       14.0    $25-$50k     white           0   \n",
       "\n",
       "   oppholdslengde  blodtrykk  hvite_blodlegemer  ...  adl_stedfortreder  \\\n",
       "0             4.0       43.0          17.097656  ...                1.0   \n",
       "1            17.0       70.0           8.500000  ...                0.0   \n",
       "2             3.0       75.0           9.099609  ...                0.0   \n",
       "3             4.0      110.0          10.398438  ...                1.0   \n",
       "4             9.0       78.0          11.699219  ...                1.0   \n",
       "\n",
       "   fysiologisk_score  apache_fysiologisk_score  overlevelsesestimat_2mnd  \\\n",
       "0          52.695312                      74.0                  0.001000   \n",
       "1          20.500000                      45.0                  0.790894   \n",
       "2          20.097656                      19.0                  0.698975   \n",
       "3          19.398438                      27.0                  0.284973   \n",
       "4          17.296875                      46.0                  0.892944   \n",
       "\n",
       "   overlevelsesestimat_6mnd  diabetes  demens       kreft  \\\n",
       "0                  0.000000         0       0          no   \n",
       "1                  0.664917         0       0          no   \n",
       "2                  0.411987         0       0  metastatic   \n",
       "3                  0.214996         0       0          no   \n",
       "4                  0.820923         0       0          no   \n",
       "\n",
       "   lege_overlevelsesestimat_2mnd  lege_overlevelsesestimat_6mnd  \n",
       "0                           0.00                            0.0  \n",
       "1                           0.75                            0.5  \n",
       "2                           0.90                            0.5  \n",
       "3                           0.00                            0.0  \n",
       "4                            NaN                            0.7  \n",
       "\n",
       "[5 rows x 38 columns]"
      ]
     },
     "execution_count": 26,
     "metadata": {},
     "output_type": "execute_result"
    }
   ],
   "source": [
    "# Sjekker om er riktig\n",
    "combined_df.drop('Unnamed: 0', axis=1, inplace=True)\n",
    "combined_df.drop('dnr_status', axis=1, inplace=True)\n",
    "combined_df.drop('dnr_dag', axis=1, inplace=True)\n",
    "combined_df.drop('adl_pasient', axis=1, inplace=True)\n",
    "combined_df.head()"
   ]
  },
  {
   "cell_type": "markdown",
   "metadata": {},
   "source": [
    "# Data preprocess"
   ]
  },
  {
   "cell_type": "code",
   "execution_count": 27,
   "metadata": {},
   "outputs": [],
   "source": [
    "# Preprocess the data\n",
    "X = combined_df.drop(['pasient_id', 'oppholdslengde'], axis=1)\n",
    "y = combined_df['oppholdslengde']"
   ]
  },
  {
   "cell_type": "markdown",
   "metadata": {},
   "source": [
    "# Lage forskjellige strategier"
   ]
  },
  {
   "cell_type": "code",
   "execution_count": 28,
   "metadata": {},
   "outputs": [],
   "source": [
    "def drop_nan(X, y):\n",
    "    X_strategy = X.dropna()\n",
    "    y_strategy = y.loc[X_strategy.index]\n",
    "    return X_strategy, y_strategy\n",
    "\n",
    "def drop_cols(X, y, threshold=0):\n",
    "    nan_counts = X.isnull().sum()\n",
    "    X_strategy = X.drop(columns=nan_counts[nan_counts > threshold].index)\n",
    "    X_strategy = X_strategy.fillna(0)\n",
    "    y_strategy = y\n",
    "    return X_strategy, y_strategy\n",
    "\n",
    "def fill_median(X, y):\n",
    "    X_fill_median = X.copy()\n",
    "    median_cols = X_fill_median.select_dtypes(include=['int64', 'float64']).columns\n",
    "    X_fill_median[median_cols] = X_fill_median[median_cols].fillna(X_fill_median[median_cols].median())\n",
    "    X_strategy = X_fill_median\n",
    "    y_strategy = y\n",
    "    return X_strategy, y_strategy\n",
    "\n",
    "def fill_zero(X, y):\n",
    "    X_strategy = X.fillna(0)\n",
    "    y_strategy = y\n",
    "    return X_strategy, y_strategy\n",
    "\n",
    "def knn_imputation(X, y):\n",
    "    # One-hot encode categorical variables\n",
    "    categorical_cols = X.select_dtypes(include=['object']).columns\n",
    "    encoder = OneHotEncoder()\n",
    "    X_encoded = pd.get_dummies(X, columns=categorical_cols)\n",
    "    \n",
    "    # Impute missing values using KNNImputer\n",
    "    imputer = KNNImputer(n_neighbors=5)\n",
    "    X_imputed = imputer.fit_transform(X_encoded)\n",
    "    X_imputed = pd.DataFrame(X_imputed, columns=X_encoded.columns)\n",
    "    \n",
    "    return X_imputed, y"
   ]
  },
  {
   "cell_type": "markdown",
   "metadata": {},
   "source": [
    "# Define models"
   ]
  },
  {
   "cell_type": "code",
   "execution_count": 29,
   "metadata": {},
   "outputs": [],
   "source": [
    "# Define the model pipelines\n",
    "model_pipelines = {\n",
    "    'Random Forest': RandomForestRegressor(n_estimators=100, random_state=24),\n",
    "    'Gradient Boosting': GradientBoostingRegressor(n_estimators=100, random_state=24),\n",
    "    'Decision Tree': DecisionTreeRegressor(random_state=24),\n",
    "    'Linear Regression': LinearRegression(),\n",
    "    'Polynomial Regression': make_pipeline(PolynomialFeatures(degree=2), LinearRegression()),\n",
    "    'Ridge Regression': Ridge(alpha=1.0)\n",
    "}\n",
    "\n",
    "# Define the function to create a model pipeline\n",
    "def create_model_pipeline(model_name, preprocessor):\n",
    "    model_pipeline = Pipeline(steps=[\n",
    "        ('preprocessor', preprocessor),\n",
    "        ('model', model_pipelines[model_name])\n",
    "    ])\n",
    "    return model_pipeline\n",
    "\n",
    "# Define the function to evaluate a model\n",
    "def evaluate_model(model_pipeline, X_train, y_train, X_val, y_val):\n",
    "    model_pipeline.fit(X_train, y_train)\n",
    "    y_val_pred = model_pipeline.predict(X_val)\n",
    "    rmse_val = mean_squared_error(y_val, y_val_pred, squared=False)\n",
    "    return rmse_val"
   ]
  },
  {
   "cell_type": "code",
   "execution_count": 30,
   "metadata": {},
   "outputs": [
    {
     "data": {
      "application/vnd.plotly.v1+json": {
       "config": {
        "plotlyServerURL": "https://plot.ly"
       },
       "data": [
        {
         "type": "heatmap",
         "x": [
          "alder",
          "utdanning",
          "sykehusdød",
          "blodtrykk",
          "hvite_blodlegemer",
          "hjertefrekvens",
          "respirasjonsfrekvens",
          "kroppstemperatur",
          "lungefunksjon",
          "serumalbumin",
          "bilirubin",
          "kreatinin",
          "natrium",
          "blod_ph",
          "glukose",
          "blodurea_nitrogen",
          "urinmengde",
          "dødsfall",
          "antall_komorbiditeter",
          "koma_score",
          "adl_stedfortreder",
          "fysiologisk_score",
          "apache_fysiologisk_score",
          "overlevelsesestimat_2mnd",
          "overlevelsesestimat_6mnd",
          "diabetes",
          "demens",
          "lege_overlevelsesestimat_2mnd",
          "lege_overlevelsesestimat_6mnd"
         ],
         "y": [
          "alder",
          "utdanning",
          "sykehusdød",
          "blodtrykk",
          "hvite_blodlegemer",
          "hjertefrekvens",
          "respirasjonsfrekvens",
          "kroppstemperatur",
          "lungefunksjon",
          "serumalbumin",
          "bilirubin",
          "kreatinin",
          "natrium",
          "blod_ph",
          "glukose",
          "blodurea_nitrogen",
          "urinmengde",
          "dødsfall",
          "antall_komorbiditeter",
          "koma_score",
          "adl_stedfortreder",
          "fysiologisk_score",
          "apache_fysiologisk_score",
          "overlevelsesestimat_2mnd",
          "overlevelsesestimat_6mnd",
          "diabetes",
          "demens",
          "lege_overlevelsesestimat_2mnd",
          "lege_overlevelsesestimat_6mnd"
         ],
         "z": [
          [
           1,
           -0.11000196351310909,
           0.016747702934044834,
           -0.05702307232105367,
           -0.003364324120318569,
           -0.088340058658529,
           -0.025500987507729188,
           -0.08252774075514871,
           0.03126603154483055,
           -0.01635050796963703,
           -0.05443044262874912,
           0.05660012800463962,
           -0.015813595575929793,
           -0.05727502388147396,
           -0.0069808645307436745,
           0.043686267549951495,
           -0.03169962657169285,
           0.18510545425000097,
           0.18045127191361113,
           0.004962592436199725,
           0.09859934400931929,
           -0.10529133930102626,
           -0.05688090521140665,
           -0.18539524457086393,
           -0.22749699713379162,
           0.0927964349968924,
           0.18863333614011288,
           -0.0721070846509616,
           -0.13629517393045984
          ],
          [
           -0.11000196351310909,
           1,
           0.0028062806027271195,
           -0.09523459085739959,
           -0.016441706330771796,
           -0.04696001919209586,
           0.022990530461903105,
           -0.015220498147601267,
           -0.014202380791965919,
           0.012468247820084296,
           0.035895957956885126,
           0.010248944262390652,
           0.0016668245133422358,
           0.017972191291312025,
           -0.0635007027673224,
           -0.015268706669895174,
           0.008314769912349354,
           0.0008057562307101405,
           -0.11894621676930377,
           -0.015931855571257415,
           -0.04477945435184533,
           0.016754851761229945,
           0.017342522128958954,
           -0.0026920446507988126,
           0.0007716958702554157,
           -0.10579605030562247,
           0.025410869050878915,
           0.01275062665111065,
           -0.007671549594778881
          ],
          [
           0.016747702934044834,
           0.0028062806027271195,
           1,
           -0.0519992272901582,
           -0.0571551818130915,
           -0.009175280013334803,
           -0.010944426066836993,
           0.035501610901966185,
           0.005158573742231212,
           -0.004530320498115831,
           0.12646961105285215,
           -0.023748789669626104,
           -0.008831495376753488,
           0.021253568341717877,
           -0.008889063382740862,
           -0.014307244803883446,
           -0.054127230716698185,
           0.44682029824462866,
           -0.057356962958230666,
           0.28152255971435985,
           0.027633834408662697,
           0.42137649686703804,
           0.4766228041384437,
           -0.4773306560039555,
           -0.41730423281328,
           -0.03193269426832675,
           -0.03732201676498643,
           -0.44996739137580544,
           -0.3733150296685559
          ],
          [
           -0.05702307232105367,
           -0.09523459085739959,
           -0.0519992272901582,
           1,
           0.009760698345379893,
           0.06686386977183625,
           0.06912172440012668,
           0.040058802461502674,
           0.12856917184802227,
           0.113999522976391,
           -0.08471088694684349,
           -0.1176378552677637,
           0.0353655188428788,
           0.19454456858034097,
           0.08449067873147824,
           -0.1534103811366065,
           0.18675624134222818,
           0.0008852192539704808,
           -0.02696382697291245,
           -0.0015861597499423916,
           0.000679403768453545,
           -0.06268710207673542,
           -0.05266153626257207,
           0.050295939003547466,
           0.04136931239218118,
           0.0024874000723939214,
           -0.025866996484098872,
           0.009872173343495728,
           0.01614620614062063
          ],
          [
           -0.003364324120318569,
           -0.016441706330771796,
           -0.0571551818130915,
           0.009760698345379893,
           1,
           0.1044016297002447,
           0.0035191244944337797,
           0.0880245863705866,
           -0.10568087727678833,
           -0.1356258984193803,
           0.018470102856652546,
           0.12219311601902326,
           -0.04570335378619173,
           -0.0744867624496368,
           0.05698997182056456,
           0.1628765630700062,
           -0.0995390516051678,
           -0.024233944715589005,
           -0.003278047486830377,
           -0.08029506644566899,
           0.01877666683783713,
           -0.037493824348851304,
           -0.03622226401568485,
           0.07496013312384797,
           0.06594352090431782,
           0.011746968274490099,
           -0.022008323538060724,
           0.036819498096817095,
           0.03170189278154538
          ],
          [
           -0.088340058658529,
           -0.04696001919209586,
           -0.009175280013334803,
           0.06686386977183625,
           0.1044016297002447,
           1,
           0.16264149047421525,
           0.2651875937907309,
           -0.14775483140694712,
           -0.19526427839145838,
           0.07343159542970522,
           -0.0531406441687457,
           0.05797118195963865,
           0.026898401310459594,
           0.07024698725750106,
           -0.03164131021458086,
           0.03909041279001122,
           -0.007048365132161843,
           -0.06304312289726396,
           0.03792144473101759,
           -0.029150697168408304,
           0.01382507002531458,
           0.011895736261567242,
           0.017190973017680043,
           0.0376160875112371,
           -0.0362432742152311,
           -0.011307919977834112,
           0.006401305819607037,
           0.015324221459771381
          ],
          [
           -0.025500987507729188,
           0.022990530461903105,
           -0.010944426066836993,
           0.06912172440012668,
           0.0035191244944337797,
           0.16264149047421525,
           1,
           0.014010021321654801,
           -0.059472180653173105,
           -0.018296882981189012,
           -0.033831984616535325,
           -0.09974581950874815,
           0.029905453763830497,
           0.11215776751501157,
           -0.004741512548435092,
           -0.056911115108411715,
           0.06499797051289015,
           0.004258862868151437,
           -0.03761271120452789,
           0.010902255591229777,
           -0.04386504619865944,
           -0.07911186287076212,
           -0.07986673990754525,
           0.07106446195983078,
           0.0848414678297083,
           -0.014735935992520217,
           -0.04904299758762635,
           0.029758996632157596,
           0.034965560683479585
          ],
          [
           -0.08252774075514871,
           -0.015220498147601267,
           0.035501610901966185,
           0.040058802461502674,
           0.0880245863705866,
           0.2651875937907309,
           0.014010021321654801,
           1,
           -0.13120209229114543,
           -0.08606359084784233,
           -0.04009131287020757,
           -0.03399036439324539,
           0.08037895365959155,
           0.10616821775963499,
           -0.007309591723857567,
           -0.0648948081241203,
           0.1343762691240221,
           -0.008938509305915205,
           0.006455755436568721,
           0.0897522869412604,
           0.037553958477357714,
           0.05059590055861261,
           0.045950629633131596,
           -0.024456908637312473,
           0.0023352396067907177,
           -0.06939935889777235,
           0.10048511104022145,
           -0.043209357955211185,
           -0.013092542622564688
          ],
          [
           0.03126603154483055,
           -0.014202380791965919,
           0.005158573742231212,
           0.12856917184802227,
           -0.10568087727678833,
           -0.14775483140694712,
           -0.059472180653173105,
           -0.13120209229114543,
           1,
           0.08126095857661374,
           -0.008828079759691736,
           0.004095627304575434,
           -0.04751845823163523,
           0.09485613150090139,
           -0.04519765485032151,
           -0.02849751253348577,
           0.033890464576096284,
           -0.006792352069231389,
           0.017396121982047496,
           -0.0005341397197363101,
           0.02818215443721478,
           -0.008513043087512587,
           -0.01671835136050649,
           -0.0072574908628006305,
           -0.023838617852197503,
           0.03922738879709217,
           -0.01359054267791273,
           -0.018066047567685022,
           -0.027029483410555416
          ],
          [
           -0.01635050796963703,
           0.012468247820084296,
           -0.004530320498115831,
           0.113999522976391,
           -0.1356258984193803,
           -0.19526427839145838,
           -0.018296882981189012,
           -0.08606359084784233,
           0.08126095857661374,
           1,
           -0.09470460854097973,
           -0.06008872415050051,
           0.04160901433912863,
           0.016644008585185444,
           0.06452317849666021,
           -0.07638815836726301,
           -0.061225621551288925,
           -0.03913220628758931,
           0.06278821225737498,
           0.017724157586679824,
           -0.02342819456289119,
           0.02456559983423361,
           0.012709068853966145,
           -0.01974921923620756,
           -0.02181327827283296,
           0.024784169624813807,
           0.00825135638714664,
           -0.035160535130389296,
           -0.041692315398223566
          ],
          [
           -0.05443044262874912,
           0.035895957956885126,
           0.12646961105285215,
           -0.08471088694684349,
           0.018470102856652546,
           0.07343159542970522,
           -0.033831984616535325,
           -0.04009131287020757,
           -0.008828079759691736,
           -0.09470460854097973,
           1,
           0.14333542798031407,
           0.07258488233356691,
           -0.02047000385550593,
           -0.042652610622841924,
           0.22362809905321238,
           -0.06521943681252934,
           0.04438154059611038,
           -0.003648600156917638,
           0.11028525398910193,
           -0.023676439759374508,
           0.1080558221231737,
           0.08082761996349305,
           -0.11167769033200237,
           -0.10460195948338295,
           -0.04180317420717663,
           -0.00633263572063025,
           -0.056961007836338715,
           -0.048318507129004935
          ],
          [
           0.05660012800463962,
           0.010248944262390652,
           -0.023748789669626104,
           -0.1176378552677637,
           0.12219311601902326,
           -0.0531406441687457,
           -0.09974581950874815,
           -0.03399036439324539,
           0.004095627304575434,
           -0.06008872415050051,
           0.14333542798031407,
           1,
           -0.014413588381560228,
           -0.18787790959232897,
           0.08767613423126848,
           0.6946665520840882,
           -0.32496119138089574,
           -0.018823724569615036,
           -0.012778640244543909,
           -0.026737224446198086,
           0.02483152653215788,
           0.030998657268603187,
           0.007175487241641306,
           -0.041590717392343,
           -0.04865566795991378,
           -0.0052779654785432475,
           0.07486492905538931,
           -0.020173031865388488,
           -0.005381091047111391
          ],
          [
           -0.015813595575929793,
           0.0016668245133422358,
           -0.008831495376753488,
           0.0353655188428788,
           -0.04570335378619173,
           0.05797118195963865,
           0.029905453763830497,
           0.08037895365959155,
           -0.04751845823163523,
           0.04160901433912863,
           0.07258488233356691,
           -0.014413588381560228,
           1,
           -0.008777140623746526,
           -0.0010546461094909883,
           0.06452650905572184,
           0.07696531024848881,
           -0.040569570455375424,
           -0.020304672892659616,
           0.009883847383684937,
           -0.02854279374757344,
           0.0435063184275374,
           0.03202395287842103,
           -0.027730229411163123,
           -0.022766498111147903,
           -0.05240103608768012,
           0.04227562202278369,
           -0.0028930683046618946,
           -0.010958031861618757
          ],
          [
           -0.05727502388147396,
           0.017972191291312025,
           0.021253568341717877,
           0.19454456858034097,
           -0.0744867624496368,
           0.026898401310459594,
           0.11215776751501157,
           0.10616821775963499,
           0.09485613150090139,
           0.016644008585185444,
           -0.02047000385550593,
           -0.18787790959232897,
           -0.008777140623746526,
           1,
           0.02868158009541264,
           -0.15548829942736075,
           0.08954602087290364,
           0.006132149571707277,
           0.01968124958684183,
           0.026165546661417904,
           0.0666431877281343,
           -0.0004180861201301109,
           0.030039446334997492,
           0.03406586357920254,
           0.044957960836740446,
           0.03620093125702711,
           -0.03135109131425299,
           -0.015806763803659665,
           0.000511004943957573
          ],
          [
           -0.0069808645307436745,
           -0.0635007027673224,
           -0.008889063382740862,
           0.08449067873147824,
           0.05698997182056456,
           0.07024698725750106,
           -0.004741512548435092,
           -0.007309591723857567,
           -0.04519765485032151,
           0.06452317849666021,
           -0.042652610622841924,
           0.08767613423126848,
           -0.0010546461094909883,
           0.02868158009541264,
           1,
           0.12369453324903996,
           -0.017986204807552295,
           0.0014581980281769998,
           0.045894943356986476,
           0.010942737276706074,
           0.00630700026645603,
           0.002577962171019369,
           0.0271232092830496,
           -0.0043244486909335645,
           -0.007179902992670728,
           0.06711519443223132,
           -0.03846142362705891,
           0.00962708454583525,
           0.004865524951655766
          ],
          [
           0.043686267549951495,
           -0.015268706669895174,
           -0.014307244803883446,
           -0.1534103811366065,
           0.1628765630700062,
           -0.03164131021458086,
           -0.056911115108411715,
           -0.0648948081241203,
           -0.02849751253348577,
           -0.07638815836726301,
           0.22362809905321238,
           0.6946665520840882,
           0.06452650905572184,
           -0.15548829942736075,
           0.12369453324903996,
           1,
           -0.2774769740544349,
           -0.02211847673006702,
           0.0251725814470437,
           -0.02418205329014097,
           0.021871000217910632,
           0.05201599187153931,
           0.02599324686621491,
           -0.037966781417709386,
           -0.03668280443135506,
           0.05724773139787159,
           0.018934140999539027,
           -0.020295772213133525,
           -0.00392267767247194
          ],
          [
           -0.03169962657169285,
           0.008314769912349354,
           -0.054127230716698185,
           0.18675624134222818,
           -0.0995390516051678,
           0.03909041279001122,
           0.06499797051289015,
           0.1343762691240221,
           0.033890464576096284,
           -0.061225621551288925,
           -0.06521943681252934,
           -0.32496119138089574,
           0.07696531024848881,
           0.08954602087290364,
           -0.017986204807552295,
           -0.2774769740544349,
           1,
           -0.04721371283215086,
           -0.0297854315806352,
           0.04269223339268636,
           -0.05291450050240181,
           -0.019926023593398165,
           -0.01101695894566577,
           0.021895766062300728,
           0.028122355285220006,
           0.010753637147506925,
           -0.0586792044608755,
           0.019782990484670318,
           0.017951207747815646
          ],
          [
           0.18510545425000097,
           0.0008057562307101405,
           0.44682029824462866,
           0.0008852192539704808,
           -0.024233944715589005,
           -0.007048365132161843,
           0.004258862868151437,
           -0.008938509305915205,
           -0.006792352069231389,
           -0.03913220628758931,
           0.04438154059611038,
           -0.018823724569615036,
           -0.040569570455375424,
           0.006132149571707277,
           0.0014581980281769998,
           -0.02211847673006702,
           -0.04721371283215086,
           1,
           0.07093012355856713,
           0.12540223740593964,
           0.11307237566346902,
           0.18979938177419683,
           0.1862403919890487,
           -0.39258933333471313,
           -0.4495464834695363,
           0.0050733336659426346,
           0.0017864720521773856,
           -0.3761884715789489,
           -0.4380960743856115
          ],
          [
           0.18045127191361113,
           -0.11894621676930377,
           -0.057356962958230666,
           -0.02696382697291245,
           -0.003278047486830377,
           -0.06304312289726396,
           -0.03761271120452789,
           0.006455755436568721,
           0.017396121982047496,
           0.06278821225737498,
           -0.003648600156917638,
           -0.012778640244543909,
           -0.020304672892659616,
           0.01968124958684183,
           0.045894943356986476,
           0.0251725814470437,
           -0.0297854315806352,
           0.07093012355856713,
           1,
           -0.09035721248137611,
           0.17282360487869716,
           -0.01318473566615924,
           0.03545551669308235,
           0.036163682581385,
           0.006593073374063743,
           0.489526261592664,
           0.16921782796414317,
           -0.027053580851035874,
           -0.0576039456089867
          ],
          [
           0.004962592436199725,
           -0.015931855571257415,
           0.28152255971435985,
           -0.0015861597499423916,
           -0.08029506644566899,
           0.03792144473101759,
           0.010902255591229777,
           0.0897522869412604,
           -0.0005341397197363101,
           0.017724157586679824,
           0.11028525398910193,
           -0.026737224446198086,
           0.009883847383684937,
           0.026165546661417904,
           0.010942737276706074,
           -0.02418205329014097,
           0.04269223339268636,
           0.12540223740593964,
           -0.09035721248137611,
           1,
           0.08029511625277261,
           0.22603048690724514,
           0.2712893425142112,
           -0.5479296410848082,
           -0.4548389597313693,
           0.03186462592305377,
           0.06288955458989978,
           -0.38266663994111316,
           -0.3036277091046668
          ],
          [
           0.09859934400931929,
           -0.04477945435184533,
           0.027633834408662697,
           0.000679403768453545,
           0.01877666683783713,
           -0.029150697168408304,
           -0.04386504619865944,
           0.037553958477357714,
           0.02818215443721478,
           -0.02342819456289119,
           -0.023676439759374508,
           0.02483152653215788,
           -0.02854279374757344,
           0.0666431877281343,
           0.00630700026645603,
           0.021871000217910632,
           -0.05291450050240181,
           0.11307237566346902,
           0.17282360487869716,
           0.08029511625277261,
           1,
           0.11729149909058721,
           0.09892800648605028,
           -0.13608911014555963,
           -0.1389246465742627,
           0.1094587369654479,
           0.28368959616934025,
           -0.15876174872653734,
           -0.1612526310789835
          ],
          [
           -0.10529133930102626,
           0.016754851761229945,
           0.42137649686703804,
           -0.06268710207673542,
           -0.037493824348851304,
           0.01382507002531458,
           -0.07911186287076212,
           0.05059590055861261,
           -0.008513043087512587,
           0.02456559983423361,
           0.1080558221231737,
           0.030998657268603187,
           0.0435063184275374,
           -0.0004180861201301109,
           0.002577962171019369,
           0.05201599187153931,
           -0.019926023593398165,
           0.18979938177419683,
           -0.01318473566615924,
           0.22603048690724514,
           0.11729149909058721,
           1,
           0.7887514312322199,
           -0.7388104618085272,
           -0.665557409944753,
           -0.02548759918469014,
           -0.008155626976128722,
           -0.3825926557539693,
           -0.29113596614117365
          ],
          [
           -0.05688090521140665,
           0.017342522128958954,
           0.4766228041384437,
           -0.05266153626257207,
           -0.03622226401568485,
           0.011895736261567242,
           -0.07986673990754525,
           0.045950629633131596,
           -0.01671835136050649,
           0.012709068853966145,
           0.08082761996349305,
           0.007175487241641306,
           0.03202395287842103,
           0.030039446334997492,
           0.0271232092830496,
           0.02599324686621491,
           -0.01101695894566577,
           0.1862403919890487,
           0.03545551669308235,
           0.2712893425142112,
           0.09892800648605028,
           0.7887514312322199,
           1,
           -0.6022914485656519,
           -0.49474769399362645,
           0.08770217828514945,
           0.017072686507202686,
           -0.40545295151455446,
           -0.2707360076827994
          ],
          [
           -0.18539524457086393,
           -0.0026920446507988126,
           -0.4773306560039555,
           0.050295939003547466,
           0.07496013312384797,
           0.017190973017680043,
           0.07106446195983078,
           -0.024456908637312473,
           -0.0072574908628006305,
           -0.01974921923620756,
           -0.11167769033200237,
           -0.041590717392343,
           -0.027730229411163123,
           0.03406586357920254,
           -0.0043244486909335645,
           -0.037966781417709386,
           0.021895766062300728,
           -0.39258933333471313,
           0.036163682581385,
           -0.5479296410848082,
           -0.13608911014555963,
           -0.7388104618085272,
           -0.6022914485656519,
           1,
           0.9612759354713369,
           0.05830330991725508,
           -0.03848942962098051,
           0.5619276391539938,
           0.5296981624523496
          ],
          [
           -0.22749699713379162,
           0.0007716958702554157,
           -0.41730423281328,
           0.04136931239218118,
           0.06594352090431782,
           0.0376160875112371,
           0.0848414678297083,
           0.0023352396067907177,
           -0.023838617852197503,
           -0.02181327827283296,
           -0.10460195948338295,
           -0.04865566795991378,
           -0.022766498111147903,
           0.044957960836740446,
           -0.007179902992670728,
           -0.03668280443135506,
           0.028122355285220006,
           -0.4495464834695363,
           0.006593073374063743,
           -0.4548389597313693,
           -0.1389246465742627,
           -0.665557409944753,
           -0.49474769399362645,
           0.9612759354713369,
           1,
           0.07228712021962168,
           -0.022611154391048886,
           0.5254776240423384,
           0.5482866377472667
          ],
          [
           0.0927964349968924,
           -0.10579605030562247,
           -0.03193269426832675,
           0.0024874000723939214,
           0.011746968274490099,
           -0.0362432742152311,
           -0.014735935992520217,
           -0.06939935889777235,
           0.03922738879709217,
           0.024784169624813807,
           -0.04180317420717663,
           -0.0052779654785432475,
           -0.05240103608768012,
           0.03620093125702711,
           0.06711519443223132,
           0.05724773139787159,
           0.010753637147506925,
           0.0050733336659426346,
